266745
553577
267076
246456
546517
944794
672668
112414
785449
164887
829117
606476
746453
165599
782944
308382
287892
327025
72042
233621
869875
774856
485785
390181
350759
514698
400701
990278
102196
570574
387293
953718
281436
819239
340146
483601
56802
677492
898168
850048
931561
346751
638089
437087
842995
590857
882840
237577
956968
67506
302615
545597
84566
939225
298876
875501
541257
892165
42422
278918
86216
850509
101332
232978
989582
416878
13681
798098
682351
632556
505459
40859
369695
317946
694851
269692
540512
771366
786927
226746
742182
223828
450312
225704
123262
667152
351741
41408
10733
145672
197149
582834
496465
549058
752578
392538
278894
847754
935122
665298
