252777
569626
926529
877205
924328
656287
487756
57299
668879
535493
153800
584167
340583
749510
860622
593153
890592
625127
383276
414203
945374
403321
410851
802547
736191
379606
536375
342443
928288
667828
102817
820078
869237
832196
256960
805288
239520
115357
327555
936818
5881
759223
281030
558722
159025
527726
155118
523134
171241
943780
453703
947025
604817
477536
841046
964796
492575
265473
319912
853079
263764
427285
75576
494964
498205
671949
232474
197996
75474
103842
768776
911617
708410
838466
146696
376766
550019
40519
703598
977541
982159
232834
632625
148901
734741
402993
363750
122878
633910
663560
116010
993055
716724
490281
746023
84129
442061
423615
567958
826614
177303
643991
118070
711283
632306
28420
74814
260755
684117
132089
48526
6220
464041
12315
429121
843505
864228
452799
601089
886894
508427
152486
449393
150830
123666
64859
485048
453146
744452
524237
269916
365581
431480
367786
487508
334604
854304
615946
246792
215506
512938
472691
94497
796822
772437
633162
599990
513661
583925
634557
464038
108420
790303
150829
887403
831659
445062
829775
219099
524330
400205
187794
901423
113424
616042
840022
104004
967528
755415
13136
536887
297610
514351
803367
647883
28275
70628
218447
151137
45003
78136
283403
497722
479947
159216
551248
168633
48262
123586
379675
918137
337846
711701
41736
24107
965558
147907
196234
610963
554864
987675
226503
693598
45954
643121
442111
240072
247386
557373
116955
502685
542816
517302
220980
529617
967518
464584
472616
578008
362403
312757
451240
404505
811575
966354
957811
678700
5031
509930
471417
583277
124233
181922
622508
992112
128467
708491
881309
160906
360430
253570
121790
252636
280108
534136
517108
612105
706847
805509
915017
164036
499521
744384
581751
921206
281969
154150
142641
58428
113181
348375
795265
842843
377928
242407
283453
498261
627376
653286
318840
277973
62071
682672
909916
812634
637531
223058
3278
663815
27064
783896
276985
14108
763006
520587
227607
13399
540667
735338
800824
722798
202932
358769
716128
441943
609036
390403
970724
464590
399103
120020
879018
794505
913987
585771
223700
171587
845933
483772
840527
885122
135691
435632
733030
341342
225774
914834
624651
969548
817434
45367
626645
112687
991232
59121
186773
623319
445693
114630
679907
698608
568193
808057
521977
98868
22938
843363
730377
367256
570105
451748
746126
140013
123646
677085
170653
507135
586531
204596
314221
819129
839197
528919
66981
216372
155610
641485
409357
487680
303555
470604
834074
67731
660920
454353
892581
334830
825167
141335
262356
481816
741311
195576
59106
229343
38928
799024
951949
587369
790718
212925
336513
438228
172421
217852
972240
20043
657866
946525
206043
628336
563816
7443
748191
903710
94368
277094
790592
969448
931489
981498
670196
12179
430155
190524
79042
733207
260675
488317
408076
995736
174951
840092
241507
980017
855724
67536
704962
950848
32620
100438
258689
133990
588127
164151
992038
502438
80166
337867
103261
306855
226355
328357
367295
673464
269251
958218
972654
406746
563101
241241
627829
545063
531317
351562
42651
101877
812210
600633
666393
371652
108646
981458
450235
655919
164845
389648
667196
920420
264540
61345
73651
597520
858146
515736
262883
263492
123991
715080
420698
185800
677033
804454
103309
158005
200142
898219
487063
207964
83204
876995
846209
669027
997111
861641
998942
873980
467921
846795
350992
132074
919079
25740
351869
931755
532722
702848
184012
329525
817608
