8848
6149
6667
883
705
7865
9088
7656
3613
3057
7776
3292
9041
6279
6384
4150
6570
2302
1688
7751
1199
5808
6569
8142
5310
8229
609
8047
6791
2707
6988
3331
6960
7318
8037
7244
1384
3277
9133
8446
7288
9833
3127
7385
9120
95
4429
2672
8250
3776
7549
6565
8475
661
9979
4851
9299
4402
6183
5430
6280
3667
8461
8143
7118
6423
9447
3597
4744
5931
503
8844
1708
1023
6444
4129
3629
9903
330
3841
3146
5607
1881
7704
3113
1747
9123
3341
8315
8396
9009
4967
473
9184
4257
5176
8881
3563
555
5499
3449
9881
5928
3265
2781
3374
8640
3820
171
5813
5365
5369
5112
4601
1666
3469
8905
4338
295
7676
9064
135
4454
3972
940
512
8937
1901
4131
9076
3102
8917
7042
247
4623
997
3007
5712
5896
8866
5595
2311
5267
4175
2767
9172
6113
9118
221
7234
8266
1166
4974
6882
5167
1300
8742
1443
4273
4512
3756
3425
9060
1419
7759
4809
681
5274
9166
6169
9371
4801
4563
8887
8653
4900
2635
8199
368
7481
433
3008
1777
9663
7814
425
437
417
4089
5718
6361
9858
8885
2338
3674
1361
6267
6010
5024
395
1064
5962
1143
435
4471
2470
4477
9876
6877
6800
2195
1733
5453
5091
7248
1782
7142
5206
2611
8078
601
10
5278
7268
3777
3028
3737
4821
927
6979
4923
4905
9321
6412
7037
3950
3002
9417
8622
668
3512
9385
7414
8868
4289
1493
516
2526
9350
2861
207
5736
921
8145
4350
7824
1352
8258
59
8054
5010
4346
144
863
5358
8538
1229
7589
2962
7502
7902
127
7800
8044
4418
8163
6724
3234
2965
718
4286
4434
5818
4578
5484
7798
3732
2401
7618
6409
843
8566
848
2739
7163
1022
5727
2256
7245
4883
570
1564
4672
5486
1932
9789
9507
4064
6648
8638
362
6964
5845
6434
6172
6664
180
6682
8588
3428
811
1431
7877
9370
998
4982
1954
2357
254
4741
5184
6348
9593
9103
6021
7082
2314
308
7818
1946
9709
5404
8189
1442
2451
8652
2257
331
4075
9780
8101
9532
6448
1985
4775
1036
629
1607
4594
9616
9142
5811
6989
20
2332
4202
782
2876
6627
772
3509
9334
5431
9143
3156
9784
3299
2652
279
989
8615
6529
5530
8769
3605
2730
4606
1173
1395
2822
4349
3210
9410
2937
3968
4181
1103
9191
5334
3927
1298
6103
2690
4234
8137
1602
2593
1554
7746
6230
1295
4765
3468
2431
1665
1750
7065
3018
250
5097
337
2280
3408
8431
836
4681
2480
6943
9455
7367
2069
9661
5236
936
5764
138
7551
2475
6090
5624
6016
2886
6032
2780
6826
8807
3446
3026
2255
4317
5815
6381
8573
8574
3303
6351
3062
9689
8979
8916
3236
9251
164
6757
5884
5363
750
216
6309
2015
264
642
7972
5263
5181
6009
4992
2649
486
829
3654
7137
5190
6251
8432
5527
9717
6749
5552
4394
8105
1871
7081
1100
9115
4986
6839
409
299
5241
