920508
380243
902170
302936
28671
480702
693213
605712
193418
89204
281445
337920
610876
955298
81733
635858
779444
199552
384061
368666
21000
389119
41623
327915
718529
228616
805695
855694
696243
831497
363472
331708
436918
497854
456398
781962
350567
214256
999655
410323
926894
858317
117487
259592
563060
451500
51498
200832
918833
40235
30836
585953
407330
683331
127048
187413
675758
369545
254043
774147
317422
849783
776378
850628
785575
863325
411301
44158
610424
475079
190854
480373
1518
618650
327659
383589
429935
326513
539074
343248
946942
563819
920543
713610
223319
733568
610441
69169
441356
512941
903304
681044
350042
986826
313070
45934
65043
501097
737079
405770
460043
383933
409484
666924
387237
749980
977107
796576
642439
427314
42877
15197
872538
813999
33271
322916
434739
99218
453436
752403
987938
183792
93419
119965
18532
938344
359657
33276
422203
15136
217532
593172
752887
249842
924693
171405
955689
13013
623081
846003
923943
904963
273034
108979
951623
912992
591933
811679
719347
208351
840993
959391
742339
911227
884240
419285
362348
744508
526320
570465
330777
844847
883742
892362
830302
662731
82219
44543
507847
839758
745101
272326
470603
734630
941768
159601
189000
318607
655065
564840
483799
880852
798781
424783
871589
467156
790485
680068
74396
112688
737709
574777
114465
660021
225361
719990
815064
16038
6870
383176
36045
130943
196811
832689
859968
23389
332482
344455
750617
722833
906316
724932
484512
241883
204336
874894
708983
84000
574488
393817
126491
742115
600706
437367
16226
145489
807347
334290
652022
286156
25560
526603
248725
46000
257664
390763
720970
564155
78613
326857
391322
96241
100549
904376
88301
262473
614019
885034
809395
538271
704044
290323
373547
758309
819627
347566
504170
997670
545606
324427
955156
304037
198996
816231
952409
271290
800066
174352
715938
138513
753093
858373
184841
612208
747203
570534
152791
981879
565521
135328
598322
395333
604190
209060
764930
880769
56365
683608
705592
397239
179474
444848
763370
833056
755054
750572
200411
924134
188622
20150
280964
143489
530364
492195
321187
760394
691756
116717
793815
204279
57091
371134
374448
446883
68698
120026
241607
596742
346076
839073
79229
723828
494905
187975
257229
884798
552294
87035
253136
101361
482016
831994
658174
644453
890439
637416
33048
104169
679320
831353
24340
399919
313623
128341
813604
893472
426722
164391
898664
465348
831024
577110
757815
491039
222656
669195
500671
87881
566342
986240
996704
701509
495969
63014
693176
369697
84181
505416
505420
860918
777889
772724
500385
684816
232554
603328
416453
514620
283213
255960
197293
913117
252919
376120
134295
965478
956771
288954
824194
216627
784463
776870
192908
426523
366342
610147
973368
986305
610386
894121
864252
808092
610434
327270
703673
613289
200477
36209
772687
538738
478937
966379
431093
20727
268669
223302
793348
263429
543540
707888
189886
610520
25755
570032
280472
627948
586042
650839
391353
9376
580686
435548
86761
623265
949061
698395
662717
554617
704695
574338
942911
111033
397642
371011
936497
601895
372433
378607
302519
204930
47368
64319
549836
501027
280896
418042
919620
132238
615808
726600
46318
394041
430292
315675
821151
703792
987323
912492
255212
299176
764478
897057
529937
872331
383476
268279
533045
532061
571916
359244
50162
207405
407791
829712
910884
465655
480859
803468
522282
909170
851993
729489
248850
34937
690664
596545
439124
253107
610752
649398
