794846
435261
227675
396245
340462
534251
489956
295506
853414
896932
641342
200751
619157
659339
780697
578378
674796
398490
377255
14715
166898
981143
11991
947272
715918
267339
416337
39402
159118
610924
871676
174125
489087
396232
997976
724420
96889
38390
970408
581632
319486
696244
111229
737299
511641
424682
932726
537039
544858
362510
116669
914559
249587
357362
616392
255600
922133
574596
320795
339169
973584
366040
87097
519303
248452
832699
961029
687217
517158
770473
668174
862824
223103
642272
108782
61084
375486
941492
335549
961320
950543
165826
528174
459036
328577
217579
659165
466444
377501
440153
433853
22239
254655
608253
835870
738956
927227
289955
532528
833052
827951
322345
258757
576977
797131
23888
286836
879376
290833
592439
610606
343090
72938
508310
350460
394534
900130
945418
471879
200279
453562
621552
253625
283705
874460
300755
679607
173200
622849
192428
770360
191508
245784
47852
512117
190700
496845
583425
274436
308351
349217
709052
801812
361584
149151
870273
234932
198314
488081
457280
771242
348054
963635
957491
635741
538450
171544
292624
912594
601018
666448
182954
171002
534905
553103
670945
591024
71980
513899
883608
319779
355588
704233
763735
882133
161102
990431
24353
573704
625201
729549
13543
673367
733671
27724
34559
84049
851910
777710
646081
676130
432544
114982
911633
886984
281394
311388
58367
130934
309523
357803
825676
636398
895905
197847
154366
514947
14952
49825
472298
293629
315459
451425
150209
701593
291735
282421
116818
121048
995685
566643
228772
492847
231729
105336
615285
536821
826376
56767
666761
956251
497937
228193
352149
407961
504268
835240
729873
754023
649843
318946
449960
738867
669767
882222
684991
719528
220016
30677
140871
205180
149724
815551
690196
855463
502819
164605
102866
14132
775958
117390
934546
204034
311887
16879
529870
246277
49461
122238
870696
432050
582946
773626
640806
268901
227939
184129
404242
164416
959975
891168
179788
854627
749453
813800
354419
468659
526747
992428
788664
514687
578554
222867
505094
966892
310635
87172
86282
102796
616247
367482
831922
441801
553640
285983
575782
96493
776289
65675
742554
198135
570871
785229
188820
301627
63752
92627
166169
486734
723895
501487
301131
176738
50908
306073
416965
55641
587838
950094
547251
777162
847488
16396
47380
203341
536154
542037
774395
563365
150232
375834
639488
42945
902257
768209
234579
546044
631428
941274
395202
791764
100608
372004
83016
754960
616663
942327
393374
901021
417754
236381
418711
250430
215557
759527
871013
967675
916468
110379
426538
161872
506590
313665
987850
567219
144265
907265
809541
200332
301555
294170
452953
731213
344970
199035
601445
845596
883131
361453
90734
616360
984813
120271
662400
303391
534184
162562
301665
795629
693080
642605
233427
636609
549131
911394
312520
530798
607483
300288
879733
94285
349727
845359
374
661211
743587
331668
763871
754830
674804
190231
729707
944891
950351
29969
246029
758663
587983
817539
335910
777130
743809
531798
752138
984961
982326
480889
236160
983671
68624
515411
142372
903106
369715
938165
345481
702601
715105
362662
729451
352797
616376
488894
617004
64518
30404
195113
39908
618418
338531
993308
607801
386684
422282
324105
130354
250552
211232
572395
463492
26935
816555
731772
210859
147023
157189
478972
951563
331287
52297
474684
95503
94971
691994
129423
458576
538158
258254
920342
361929
993005
830824
829929
66128
520820
357863
969323
703703
572695
713711
